Rownanie: 1x^2 + 23x + 5 = 0
x1 = -0.219486
x2 = -22.7805

Rownanie: 5x^2 + 23x + 2 = 0
x1 = -0.0886656
x2 = -4.51133

Rownanie: 4x^2 + 59x + 6 = 0
x1 = -0.102406
x2 = -14.6476

